
rho0
PauliVec
0.5 0 0 0.5 0 0 0 0 0 0 0 0 0.5 0 0 0.5

E0
PauliVec
0.5 0 0 0.5 0 0 0 0 0 0 0 0 0.5 0 0 0.5

E1
PauliVec
0.5 0 0 -0.5 0 0 0 0 0 0 0 0 0.5 0 0 -0.5

E2
PauliVec
0.5 0 0 0.5 0 0 0 0 0 0 0 0 -0.5 0 0 -0.5

Gix
PauliMx
      1.00000000               0               0               0               0               0               0               0               0               0               0               0               0               0               0               0
               0      1.00000000               0               0               0               0               0               0               0               0               0               0               0               0               0               0
               0               0               0     -1.00000000               0               0               0               0               0               0               0               0               0               0               0               0
               0               0      1.00000000               0               0               0               0               0               0               0               0               0               0               0               0               0
               0               0               0               0      1.00000000               0               0               0               0               0               0               0               0               0               0               0
               0               0               0               0               0      1.00000000               0               0               0               0               0               0               0               0               0               0
               0               0               0               0               0               0               0     -1.00000000               0               0               0               0               0               0               0               0
               0               0               0               0               0               0      1.00000000               0               0               0               0               0               0               0               0               0
               0               0               0               0               0               0               0               0      1.00000000               0               0               0               0               0               0               0
               0               0               0               0               0               0               0               0               0      1.00000000               0               0               0               0               0               0
               0               0               0               0               0               0               0               0               0               0               0     -1.00000000               0               0               0               0
               0               0               0               0               0               0               0               0               0               0      1.00000000               0               0               0               0               0
               0               0               0               0               0               0               0               0               0               0               0               0      1.00000000               0               0               0
               0               0               0               0               0               0               0               0               0               0               0               0               0      1.00000000               0               0
               0               0               0               0               0               0               0               0               0               0               0               0               0               0               0     -1.00000000
               0               0               0               0               0               0               0               0               0               0               0               0               0               0      1.00000000               0


Giy
PauliMx
      1.00000000               0               0               0               0               0               0               0               0               0               0               0               0               0               0               0
               0               0               0      1.00000000               0               0               0               0               0               0               0               0               0               0               0               0
               0               0      1.00000000               0               0               0               0               0               0               0               0               0               0               0               0               0
               0     -1.00000000               0               0               0               0               0               0               0               0               0               0               0               0               0               0
               0               0               0               0      1.00000000               0               0               0               0               0               0               0               0               0               0               0
               0               0               0               0               0               0               0      1.00000000               0               0               0               0               0               0               0               0
               0               0               0               0               0               0      1.00000000               0               0               0               0               0               0               0               0               0
               0               0               0               0               0     -1.00000000               0               0               0               0               0               0               0               0               0               0
               0               0               0               0               0               0               0               0      1.00000000               0               0               0               0               0               0               0
               0               0               0               0               0               0               0               0               0               0               0      1.00000000               0               0               0               0
               0               0               0               0               0               0               0               0               0               0      1.00000000               0               0               0               0               0
               0               0               0               0               0               0               0               0               0     -1.00000000               0               0               0               0               0               0
               0               0               0               0               0               0               0               0               0               0               0               0      1.00000000               0               0               0
               0               0               0               0               0               0               0               0               0               0               0               0               0               0               0      1.00000000
               0               0               0               0               0               0               0               0               0               0               0               0               0               0      1.00000000               0
               0               0               0               0               0               0               0               0               0               0               0               0               0     -1.00000000               0               0


Gxi
PauliMx
      1.00000000               0               0               0               0               0               0               0               0               0               0               0               0               0               0               0
               0      1.00000000               0               0               0               0               0               0               0               0               0               0               0               0               0               0
               0               0      1.00000000               0               0               0               0               0               0               0               0               0               0               0               0               0
               0               0               0      1.00000000               0               0               0               0               0               0               0               0               0               0               0               0
               0               0               0               0      1.00000000               0               0               0               0               0               0               0               0               0               0               0
               0               0               0               0               0      1.00000000               0               0               0               0               0               0               0               0               0               0
               0               0               0               0               0               0      1.00000000               0               0               0               0               0               0               0               0               0
               0               0               0               0               0               0               0      1.00000000               0               0               0               0               0               0               0               0
               0               0               0               0               0               0               0               0               0               0               0               0     -1.00000000               0               0               0
               0               0               0               0               0               0               0               0               0               0               0               0               0     -1.00000000               0               0
               0               0               0               0               0               0               0               0               0               0               0               0               0               0     -1.00000000               0
               0               0               0               0               0               0               0               0               0               0               0               0               0               0               0     -1.00000000
               0               0               0               0               0               0               0               0      1.00000000               0               0               0               0               0               0               0
               0               0               0               0               0               0               0               0               0      1.00000000               0               0               0               0               0               0
               0               0               0               0               0               0               0               0               0               0      1.00000000               0               0               0               0               0
               0               0               0               0               0               0               0               0               0               0               0      1.00000000               0               0               0               0


Gyi
PauliMx
      1.00000000               0               0               0               0               0               0               0               0               0               0               0               0               0               0               0
               0      1.00000000               0               0               0               0               0               0               0               0               0               0               0               0               0               0
               0               0      1.00000000               0               0               0               0               0               0               0               0               0               0               0               0               0
               0               0               0      1.00000000               0               0               0               0               0               0               0               0               0               0               0               0
               0               0               0               0               0               0               0               0               0               0               0               0      1.00000000               0               0               0
               0               0               0               0               0               0               0               0               0               0               0               0               0      1.00000000               0               0
               0               0               0               0               0               0               0               0               0               0               0               0               0               0      1.00000000               0
               0               0               0               0               0               0               0               0               0               0               0               0               0               0               0      1.00000000
               0               0               0               0               0               0               0               0      1.00000000               0               0               0               0               0               0               0
               0               0               0               0               0               0               0               0               0      1.00000000               0               0               0               0               0               0
               0               0               0               0               0               0               0               0               0               0      1.00000000               0               0               0               0               0
               0               0               0               0               0               0               0               0               0               0               0      1.00000000               0               0               0               0
               0               0               0               0     -1.00000000               0               0               0               0               0               0               0               0               0               0               0
               0               0               0               0               0     -1.00000000               0               0               0               0               0               0               0               0               0               0
               0               0               0               0               0               0     -1.00000000               0               0               0               0               0               0               0               0               0
               0               0               0               0               0               0               0     -1.00000000               0               0               0               0               0               0               0               0


Gcphase
PauliMx
      1.00000000               0               0               0               0               0               0               0               0               0               0               0               0               0               0               0
               0               0               0               0               0               0               0               0               0               0               0               0               0      1.00000000               0               0
               0               0               0               0               0               0               0               0               0               0               0               0               0               0      1.00000000               0
               0               0               0      1.00000000               0               0               0               0               0               0               0               0               0               0               0               0
               0               0               0               0               0               0               0      1.00000000               0               0               0               0               0               0               0               0
               0               0               0               0               0               0               0               0               0               0      1.00000000               0               0               0               0               0
               0               0               0               0               0               0               0               0               0     -1.00000000               0               0               0               0               0               0
               0               0               0               0      1.00000000               0               0               0               0               0               0               0               0               0               0               0
               0               0               0               0               0               0               0               0               0               0               0      1.00000000               0               0               0               0
               0               0               0               0               0               0     -1.00000000               0               0               0               0               0               0               0               0               0
               0               0               0               0               0      1.00000000               0               0               0               0               0               0               0               0               0               0
               0               0               0               0               0               0               0               0      1.00000000               0               0               0               0               0               0               0
               0               0               0               0               0               0               0               0               0               0               0               0      1.00000000               0               0               0
               0      1.00000000               0               0               0               0               0               0               0               0               0               0               0               0               0               0
               0               0      1.00000000               0               0               0               0               0               0               0               0               0               0               0               0               0
               0               0               0               0               0               0               0               0               0               0               0               0               0               0               0      1.00000000


IDENTITYVEC 2 0 0 0 0 0 0 0 0 0 0 0 0 0 0 0
SPAMLABEL dndn = rho0 remainder
SPAMLABEL dnup = rho0 E2
SPAMLABEL updn = rho0 E1
SPAMLABEL upup = rho0 E0
BASIS pp 4
